512851.699 1121834.867 210.310
512850.236 1121835.836 210.430
512848.802 1121836.824 210.310
512847.151 1121836.595 210.290
512849.057 1121831.194 210.440
512846.319 1121834.680 210.360
512847.872 1121828.652 210.430
512844.406 1121835.692 210.410
512849.974 1121822.530 210.350
512847.420 1121826.715 210.330
512841.893 1121836.777 210.380
512842.204 1121833.716 210.390
512845.495 1121825.847 210.410
512847.488 1121821.435 210.470
512839.877 1121837.289 210.520
512842.601 1121829.914 210.470
512841.693 1121830.249 210.360
512843.665 1121825.828 210.440
512841.285 1121830.542 210.350
512850.042 1121810.872 210.320
512850.820 1121807.228 210.350
512839.262 1121831.614 210.430
512840.900 1121826.505 210.360
512847.948 1121806.836 210.330
512839.078 1121822.817 210.360
512851.561 1121787.907 210.460
512836.039 1121822.946 210.330
512843.538 1121805.103 210.410
512848.537 1121792.055 211.540
512848.374 1121791.586 211.930
512849.211 1121789.581 211.860
512831.485 1121831.862 210.350
512842.577 1121803.299 210.570
512845.867 1121795.351 211.010
512838.244 1121812.394 210.510
512834.650 1121818.085 210.450
512838.392 1121808.894 210.780
512843.225 1121796.437 211.160
512834.268 1121817.857 210.540
512837.060 1121810.142 210.410
512836.623 1121810.524 210.620
512844.588 1121790.469 211.870
512845.370 1121787.575 211.440
512840.954 1121797.900 210.650
512845.395 1121786.815 210.320
512844.732 1121787.879 211.610
512847.395 1121780.324 210.640
512826.950 1121830.950 210.330
512840.869 1121795.451 210.250
512839.740 1121797.178 210.330
512843.684 1121786.546 211.710
512833.505 1121810.844 210.610
512841.527 1121790.238 211.940
512842.314 1121788.244 212.050
512843.112 1121786.209 211.820
512841.985 1121788.296 212.120
512842.999 1121785.710 211.460
512849.889 1121766.421 210.070
512847.897 1121770.923 210.340
512841.791 1121786.077 211.240
512840.127 1121786.908 210.240
512832.024 1121805.654 210.490
512829.470 1121811.528 210.840
512839.043 1121786.294 210.130
512843.051 1121773.152 210.410
512843.661 1121769.919 210.370
512840.567 1121777.237 210.730
512834.616 1121791.561 210.270
512838.757 1121780.437 210.580
512849.979 1121750.184 211.060
512848.814 1121752.641 210.170
512847.008 1121749.922 210.940
512820.753 1121821.520 210.410
512834.000 1121783.956 210.390
512839.271 1121768.136 210.650
512818.939 1121824.021 210.340
512845.330 1121750.183 210.720
512831.558 1121788.550 210.250
512821.253 1121816.588 210.380
512824.300 1121808.021 210.360
512844.490 1121750.138 210.390
512817.620 1121824.079 210.450
512818.327 1121822.065 210.220
512838.176 1121765.654 210.390
512839.806 1121760.715 210.540
512827.391 1121795.284 210.680
512830.238 1121785.259 210.340
512841.300 1121753.377 210.640
512831.942 1121779.379 210.480
512838.769 1121759.561 210.330
512815.549 1121825.451 210.380
512840.555 1121752.442 210.540
512819.770 1121812.888 210.350
512835.491 1121764.650 210.350
512830.978 1121777.076 210.680
512814.979 1121823.875 210.530
512833.400 1121767.663 210.480
512813.371 1121827.354 210.400
512835.665 1121760.530 210.440
512838.080 1121753.287 210.700
512834.831 1121761.495 210.510
512811.017 1121833.138 210.560
512813.019 1121827.066 210.420
512830.824 1121773.107 210.650
512836.195 1121755.618 210.490
512837.913 1121750.408 210.580
512820.118 1121804.307 210.370
512827.114 1121779.499 210.520
512828.615 1121774.861 210.470
512836.641 1121750.036 211.100
512832.332 1121763.200 210.390
512836.015 1121750.760 211.180
512809.923 1121830.925 210.560
512835.160 1121749.965 211.590
512824.801 1121780.673 210.460
512822.827 1121786.494 210.400
512833.682 1121751.864 210.710
512822.589 1121786.735 210.420
512813.942 1121812.914 210.540
512814.255 1121811.892 210.390
512829.381 1121761.209 210.430
512806.625 1121834.344 210.420
512829.218 1121759.110 210.420
512830.502 1121754.943 210.490
512806.428 1121833.206 210.390
512831.674 1121750.507 210.650
512830.484 1121753.703 210.630
512830.056 1121753.916 210.570
512826.060 1121765.858 210.700
512821.018 1121781.676 210.530
512823.183 1121774.464 210.560
512828.768 1121755.803 210.510
512823.978 1121770.370 210.430
512822.109 1121775.411 210.400
512824.421 1121767.638 210.420
512808.915 1121819.843 210.660
512804.965 1121832.605 210.450
512825.725 1121761.781 210.370
512824.062 1121766.180 210.620
512826.266 1121757.179 210.480
512820.726 1121774.829 210.460
512824.672 1121761.338 210.520
512823.556 1121765.144 210.910
512825.857 1121757.241 210.450
512823.150 1121765.776 210.730
512826.390 1121752.829 210.480
512815.225 1121790.800 210.590
512819.092 1121777.399 210.460
512802.981 1121831.867 210.550
512821.949 1121765.604 210.510
512824.029 1121757.522 210.530
512801.593 1121835.485 210.470
512818.175 1121776.205 210.550
512822.577 1121760.471 210.600
512821.447 1121763.577 210.490
512822.327 1121760.452 210.520
512825.073 1121750.017 210.860
512819.948 1121766.966 210.610
512823.177 1121755.468 210.510
512801.730 1121831.715 210.440
512806.044 1121816.351 210.570
512819.221 1121767.460 210.490
512818.513 1121766.065 210.900
512806.307 1121810.281 210.940
512804.426 1121816.471 210.430
512816.687 1121771.665 210.500
512820.441 1121756.035 210.610
512821.142 1121752.971 210.550
512821.435 1121751.909 210.430
512821.719 1121750.868 210.530
512817.448 1121765.321 210.790
512805.903 1121806.354 210.410
512818.160 1121760.818 210.510
512804.396 1121811.752 210.460
512816.484 1121764.597 210.650
512809.927 1121787.553 210.590
512816.360 1121757.499 210.570
512815.288 1121760.276 210.610
512814.717 1121758.469 210.710
512796.074 1121829.020 210.590
512814.096 1121753.514 210.610
512796.697 1121819.698 210.400
512804.629 1121787.716 210.500
512812.765 1121754.912 210.850
512811.244 1121757.861 210.800
512805.642 1121772.103 210.910
512794.610 1121812.063 210.490
512809.116 1121750.125 210.930
512801.327 1121782.427 210.560
512801.593 1121778.596 211.120
512798.419 1121787.574 210.710
512788.464 1121830.417 210.600
512790.951 1121815.374 210.520
512788.640 1121824.847 210.500
512796.147 1121787.258 210.800
512788.065 1121820.751 210.600
512794.215 1121788.480 210.860
512794.886 1121785.366 211.100
512794.833 1121784.897 211.020
512792.686 1121793.348 210.650
512800.484 1121754.338 210.950
512784.056 1121830.524 210.630
512800.398 1121750.159 211.970
512784.482 1121826.592 210.600
512792.279 1121784.062 211.040
512790.564 1121789.772 210.830
512790.556 1121788.512 210.810
512782.802 1121825.023 210.820
512780.744 1121835.043 210.530
512792.561 1121774.683 210.810
512784.753 1121813.783 210.520
512793.069 1121771.080 210.880
512793.476 1121768.998 210.980
512794.482 1121760.294 210.750
512779.942 1121834.648 210.580
512783.710 1121814.869 210.540
512783.903 1121813.828 210.430
512780.746 1121830.394 210.830
512783.893 1121813.758 210.460
512792.309 1121769.455 210.780
512780.647 1121830.555 210.730
512781.756 1121823.999 210.600
512794.913 1121754.002 210.850
512781.359 1121824.412 210.550
512787.893 1121789.548 210.830
512790.826 1121773.893 211.040
512781.835 1121822.109 210.610
512784.536 1121806.236 210.580
512790.784 1121768.685 210.860
512785.165 1121797.853 210.730
512778.878 1121832.325 210.690
512792.353 1121757.087 210.860
512791.816 1121759.280 210.870
512778.664 1121831.677 210.860
512779.669 1121825.942 210.780
512782.274 1121810.709 210.550
512782.999 1121806.545 210.520
512783.916 1121801.340 210.560
512788.442 1121774.708 210.900
512789.058 1121769.215 211.080
512778.979 1121827.596 210.700
512791.946 1121752.821 211.170
512788.465 1121771.988 210.960
512789.276 1121767.294 211.270
512778.951 1121824.686 210.650
512779.135 1121823.646 210.870
512788.958 1121766.046 211.340
512776.861 1121834.347 210.750
512790.314 1121754.010 210.700
512779.346 1121819.045 210.610
512779.535 1121815.515 210.840
512779.621 1121814.994 210.770
512777.686 1121827.024 210.740
512779.641 1121815.014 210.920
512781.681 1121798.815 210.720
512788.622 1121755.251 210.940
512776.729 1121829.129 210.670
512777.143 1121826.507 210.850
512775.606 1121835.135 210.690
512777.670 1121821.295 210.650
512785.166 1121770.459 210.890
512777.725 1121818.855 210.630
512787.239 1121754.749 211.110
512777.823 1121815.225 210.670
512779.851 1121802.015 210.570
512784.981 1121767.990 210.910
512784.512 1121769.723 211.050
512786.644 1121755.493 211.290
512779.801 1121800.266 210.610
512779.630 1121800.107 210.650
512778.669 1121804.842 210.640
512784.222 1121764.856 211.450
512778.201 1121805.185 210.590
512775.997 1121819.046 210.620
512777.339 1121809.639 210.760
512775.480 1121822.788 210.760
512775.844 1121820.176 210.790
512775.987 1121819.136 210.630
512776.802 1121813.382 210.720
512773.692 1121834.477 210.800
512776.479 1121814.594 210.610
512777.801 1121805.187 210.720
512774.195 1121828.445 210.770
512774.702 1121824.773 210.730
512782.563 1121768.285 211.630
512781.022 1121777.813 210.870
512782.688 1121765.805 211.810
512773.555 1121831.608 210.690
512774.483 1121824.794 210.630
512782.127 1121768.798 211.480
512773.075 1121833.321 210.630
512780.306 1121779.947 210.990
512783.001 1121759.844 211.340
512782.152 1121764.769 211.670
512776.028 1121809.457 210.700
512782.297 1121762.328 211.420
512774.929 1121816.053 210.540
512774.978 1121815.923 210.600
512782.972 1121755.065 211.350
512773.443 1121826.420 210.600
512776.784 1121800.784 210.700
512779.792 1121777.740 211.000
512774.050 1121821.047 210.650
512779.679 1121775.572 211.030
512777.167 1121794.783 210.750
512772.120 1121832.477 210.760
512773.379 1121822.521 210.730
512772.033 1121831.288 210.820
512772.824 1121825.004 210.860
512773.158 1121822.373 211.040
512781.394 1121756.915 211.900
512781.610 1121754.674 211.090
512771.110 1121837.202 210.700
512772.739 1121824.075 210.930
512773.329 1121819.372 210.840
512775.977 1121797.920 210.730
512771.210 1121835.602 210.580
512771.865 1121828.359 210.650
512780.049 1121759.293 211.180
512778.349 1121768.991 211.560
512779.537 1121758.966 211.550
512773.035 1121812.165 210.620
512779.135 1121760.288 211.680
512770.980 1121829.095 210.640
512771.464 1121824.892 210.720
512772.735 1121812.157 210.720
512774.615 1121795.939 210.940
512777.406 1121771.806 211.070
512771.103 1121821.485 210.700
512773.283 1121802.106 210.650
512774.412 1121792.161 210.990
512771.122 1121821.325 210.640
512773.282 1121801.946 210.670
512769.958 1121830.331 210.600
512771.066 1121820.356 210.610
512774.666 1121787.890 211.150
512770.740 1121822.577 210.720
512772.302 1121808.431 210.710
512777.321 1121762.799 211.420
512769.441 1121832.433 210.670
512774.703 1121784.241 211.220
512772.643 1121802.110 210.750
512768.975 1121834.696 210.700
512772.327 1121802.632 210.750
512776.874 1121760.132 211.700
512769.023 1121831.146 210.580
512770.809 1121814.359 210.590
512772.028 1121802.823 210.740
512770.213 1121819.911 210.700
512773.463 1121789.027 211.380
512777.031 1121753.112 211.150
512770.621 1121811.330 211.020
512770.781 1121809.760 210.790
512769.974 1121816.673 210.780
512771.039 1121806.199 210.790
512768.861 1121825.968 210.810
512772.591 1121788.783 211.270
512769.976 1121812.124 210.900
512770.032 1121811.604 210.960
512767.650 1121835.594 210.830
512771.357 1121796.159 210.850
512771.818 1121791.437 210.870
512767.900 1121830.713 210.720
512768.568 1121823.890 210.760
512768.615 1121823.370 210.590
512768.046 1121826.743 210.720
512768.704 1121819.920 210.770
512773.580 1121769.070 211.440
512774.435 1121760.117 211.620
512768.954 1121816.740 210.680
512772.138 1121781.787 211.080
512774.119 1121760.749 211.550
512767.874 1121826.494 210.730
512773.729 1121764.080 211.400
512773.973 1121761.439 211.350
512773.106 1121766.784 211.650
512774.184 1121755.099 211.160
512766.887 1121833.449 210.600
512766.767 1121833.430 210.560
512771.029 1121786.733 211.060
512774.298 1121750.900 211.480
512769.142 1121806.590 210.950
512767.095 1121824.929 210.610
512767.740 1121817.577 210.750
512767.633 1121818.137 210.630
512768.439 1121804.575 210.770
512768.852 1121798.584 210.810
512770.139 1121783.389 211.160
512766.639 1121823.892 210.730
512767.076 1121818.651 210.620
512769.842 1121785.610 210.970
512766.230 1121825.795 210.680
512765.344 1121836.148 210.710
512765.558 1121833.507 210.710
512771.164 1121763.086 211.270
512769.623 1121780.892 211.070
512768.457 1121791.258 211.290
512769.022 1121780.666 211.160
512770.198 1121765.402 211.160
512764.716 1121833.152 210.770
512768.264 1121785.850 211.110
512765.778 1121817.309 210.690
512766.323 1121809.967 210.820
512766.360 1121809.437 210.860
512765.507 1121820.390 210.670
512767.141 1121798.364 210.860
512764.673 1121827.814 210.580
512769.245 1121764.818 211.460
512769.926 1121755.286 211.400
512766.528 1121801.048 210.770
512768.993 1121764.510 211.280
512769.481 1121757.678 211.670
512763.570 1121837.009 210.530
512764.609 1121822.265 210.800
512766.511 1121794.999 211.020
512763.581 1121837.189 210.570
512764.107 1121828.497 210.610
512767.483 1121779.196 211.370
512764.436 1121818.467 210.690
512764.757 1121813.746 210.790
512765.067 1121809.025 211.030
512764.920 1121807.776 210.960
512763.980 1121817.580 210.870
512767.059 1121768.751 211.070
512767.292 1121762.690 211.310
512763.874 1121816.551 210.760
512766.753 1121769.342 211.130
512763.046 1121824.934 210.720
512763.761 1121812.862 210.840
512766.988 1121758.823 212.090
512767.015 1121758.313 212.220
512763.721 1121812.792 210.830
512765.169 1121788.148 211.020
512763.069 1121822.245 210.660
512764.444 1121798.631 210.930
512764.688 1121794.440 211.140
512764.206 1121797.343 211.070
512765.526 1121763.341 211.450
512764.169 1121788.155 211.130
512762.807 1121810.519 210.920
512763.513 1121796.897 211.130
512765.611 1121755.942 211.970
512761.664 1121827.942 210.870
512761.976 1121821.651 210.710
512762.625 1121808.530 210.870
512762.883 1121803.290 210.960
512763.559 1121789.658 211.190
512763.955 1121776.068 211.130
512761.910 1121812.624 210.940
512762.114 1121808.433 210.800
512760.973 1121832.616 210.590
512761.997 1121810.524 210.980
512762.094 1121808.433 210.810
512762.086 1121807.114 210.840
512763.020 1121786.682 211.210
512763.593 1121774.091 211.260
512764.272 1121759.330 211.360
512760.920 1121830.486 210.760
512762.142 1121803.194 210.970
512760.372 1121835.619 210.610
512762.422 1121778.747 211.440
512760.599 1121823.710 210.700
512760.780 1121814.210 210.910
512762.709 1121755.560 212.010
512761.248 1121796.051 211.190
512761.265 1121795.531 211.220
512759.971 1121825.773 210.710
512760.708 1121797.664 211.130
512761.953 1121757.834 211.800
512760.510 1121797.885 211.110
512761.898 1121755.385 211.920
512759.418 1121823.527 210.780
512761.085 1121771.117 211.470
512759.804 1121813.127 211.030
512760.039 1121805.797 210.970
512759.310 1121815.779 210.850
512760.713 1121767.540 211.320
512758.920 1121831.948 210.650
512759.600 1121802.720 211.020
512760.235 1121779.151 211.350
512760.652 1121752.673 211.860
512758.565 1121837.729 210.730
512760.517 1121761.632 211.470
512760.335 1121759.734 211.600
512760.162 1121755.916 211.660
512758.605 1121826.351 210.720
512758.754 1121809.934 210.940
512758.736 1121815.063 210.830
512759.278 1121787.835 211.300
512759.169 1121783.016 211.280
512758.404 1121818.074 211.020
512758.225 1121836.082 210.550
512758.791 1121793.167 211.180
512758.828 1121791.077 211.360
512758.526 1121800.427 211.110
512758.735 1121770.961 211.630
512758.258 1121800.718 211.140
512758.075 1121788.962 211.350
512757.916 1121795.622 211.410
512757.981 1121819.057 210.860
512757.963 1121793.412 211.250
512757.955 1121770.946 211.800
512757.791 1121781.685 211.460
512757.754 1121772.477 211.450
512757.829 1121805.810 211.000
512757.468 1121774.668 211.360
512757.452 1121764.061 211.820
512757.834 1121819.577 210.850
512757.880 1121828.675 210.690
512757.360 1121818.990 210.850
512756.652 1121772.174 211.870
512757.183 1121822.721 210.900
512756.561 1121783.342 211.550
512756.904 1121813.154 210.950
512756.486 1121788.962 211.450
512756.522 1121806.268 211.110
512756.419 1121805.699 211.100
512756.970 1121833.640 210.650
512756.387 1121818.357 210.910
512755.254 1121777.262 211.390
512756.508 1121831.543 210.680
512755.942 1121809.531 211.030
512755.678 1121799.095 211.390
512756.245 1121829.425 210.700
512756.000 1121820.498 210.970
512754.465 1121772.457 211.650
512754.839 1121794.341 211.340
512754.903 1121799.809 211.440
512755.734 1121827.679 210.780
512754.732 1121802.920 211.310
512754.483 1121794.943 211.520
512754.673 1121804.780 211.190
512753.777 1121777.661 211.260
512753.402 1121768.735 211.750
512754.102 1121798.075 211.560
512753.762 1121796.327 211.570
512754.157 1121815.081 210.970
512752.756 1121777.557 211.410
512754.962 1121837.122 210.680
512754.104 1121814.571 210.920
512753.842 1121807.774 211.230
512754.689 1121835.014 210.820
512754.308 1121825.048 210.770
512753.419 1121805.647 211.260
512752.723 1121794.874 211.350
512753.670 1121825.342 210.840
512753.531 1121822.203 210.810
512751.904 1121783.631 211.730
512753.238 1121821.735 210.840
512751.190 1121774.857 211.650
512751.655 1121790.251 211.490
512751.616 1121795.290 211.510
512750.300 1121766.644 211.870
512751.341 1121794.502 211.670
512751.248 1121792.423 211.630
512749.640 1121758.560 212.170
512752.278 1121815.202 211.090
512752.479 1121826.799 210.840
512752.460 1121830.108 210.750
512751.003 1121801.393 211.730
512749.534 1121772.288 211.840
512749.067 1121762.912 212.130
512752.030 1121830.221 210.740
512751.101 1121812.450 211.160
512748.561 1121763.565 212.310
512752.156 1121834.329 210.650
512751.386 1121819.657 210.890
512751.016 1121816.520 211.000
512749.083 1121780.089 211.490
512748.350 1121766.576 212.010
512750.988 1121818.460 210.890
512750.819 1121815.321 211.160
512749.296 1121787.226 211.690
512748.673 1121781.721 211.800
512747.299 1121756.714 212.170
512750.945 1121829.288 210.790
512748.367 1121784.003 211.860
512749.512 1121809.351 211.310
512747.565 1121775.599 211.880
512751.023 1121835.516 210.750
512749.615 1121811.470 211.130
512748.176 1121787.063 211.780
512746.108 1121751.633 211.970
512750.323 1121825.702 211.020
512748.985 1121803.295 211.610
512750.031 1121827.064 210.880
512747.977 1121797.052 211.600
512746.291 1121770.058 212.010
512750.437 1121837.679 210.700
512748.500 1121807.357 211.430
512748.896 1121817.993 210.970
512748.421 1121810.707 211.230
512748.739 1121816.914 211.010
512749.882 1121836.923 210.690
512748.812 1121820.703 210.880
512746.212 1121789.585 211.830
512747.947 1121816.499 211.070
512746.629 1121797.271 211.650
512748.539 1121833.132 210.800
512747.838 1121823.188 211.040
512745.877 1121796.905 211.750
512747.360 1121820.242 211.030
512744.923 1121786.503 212.010
512747.101 1121818.724 211.020
512742.559 1121756.504 212.930
512742.296 1121752.796 212.400
512747.040 1121821.843 210.920
512742.219 1121756.526 213.070
512746.103 1121809.402 211.350
512745.167 1121798.579 211.650
512742.358 1121761.254 212.240
512747.442 1121830.349 210.830
512746.126 1121813.141 211.230
512744.549 1121792.404 211.810
512742.178 1121761.305 212.370
512746.383 1121820.728 211.130
512742.863 1121775.108 212.280
512742.710 1121773.040 212.330
512741.266 1121754.372 212.910
512746.916 1121827.753 211.030
512744.832 1121802.681 211.620
512740.657 1121751.266 212.640
512746.892 1121833.622 210.820
512744.659 1121806.981 211.520
512744.280 1121802.324 211.660
512740.960 1121761.483 212.970
512745.803 1121822.261 210.900
512746.697 1121834.433 210.710
512745.574 1121820.853 211.090
512745.521 1121820.333 211.170
512740.629 1121761.345 213.080
512743.387 1121798.470 211.700
512742.782 1121791.226 211.880
512742.696 1121790.196 211.980
512740.225 1121760.747 213.270
512739.437 1121751.324 212.730
512745.734 1121827.290 211.120
512744.106 1121808.064 211.470
512739.253 1121750.585 212.880
512744.699 1121816.789 211.140
512739.086 1121750.996 212.770
512744.522 1121815.590 211.130
512742.961 1121797.443 211.820
512745.344 1121828.962 210.870
512738.474 1121750.710 212.980
512742.950 1121803.942 211.740
512739.845 1121768.818 212.710
512739.479 1121764.631 212.270
512745.666 1121835.819 210.740
512738.944 1121763.814 212.210
512741.585 1121793.272 211.880
512745.347 1121835.981 210.740
512741.971 1121799.089 211.750
512739.838 1121775.867 212.620
512744.380 1121826.639 211.170
512743.383 1121815.727 211.220
512742.997 1121811.580 211.450
512742.805 1121809.512 211.460
512738.885 1121767.174 212.810
512743.596 1121821.165 211.020
512744.206 1121827.650 210.980
512741.372 1121797.573 211.860
512744.650 1121833.166 210.820
512740.868 1121793.737 211.930
512740.473 1121789.610 212.170
512742.822 1121817.260 211.150
512740.699 1121795.497 212.030
512737.925 1121767.160 212.880
512738.900 1121779.332 212.700
512742.672 1121820.460 211.130
512741.948 1121813.196 211.320
512741.276 1121806.462 211.640
512737.453 1121768.343 213.100
512736.366 1121757.482 213.170
512743.346 1121827.545 211.040
512742.771 1121821.830 211.060
512736.202 1121756.753 213.030
512743.191 1121826.836 211.240
512740.297 1121798.349 211.940
512737.785 1121773.630 212.850
512740.522 1121804.037 211.790
512738.608 1121785.492 212.510
512743.564 1121833.822 210.800
512743.424 1121833.793 210.850
512742.054 1121820.774 211.160
512741.150 1121815.241 211.320
512738.625 1121791.501 212.250
512738.455 1121789.962 212.400
512737.798 1121783.788 212.590
512737.744 1121783.288 212.680
512734.943 1121758.650 213.090
512742.152 1121828.582 210.920
512738.180 1121792.384 212.140
512736.762 1121779.535 212.920
512742.738 1121832.868 210.870
512742.103 1121827.133 211.150
512738.906 1121798.168 211.870
512737.424 1121784.800 212.420
512742.850 1121834.677 210.840
512742.151 1121828.422 210.960
512734.620 1121761.402 213.330
512735.675 1121773.573 213.120
512735.053 1121768.358 213.280
512733.647 1121755.949 212.970
512734.832 1121768.119 213.230
512734.715 1121767.090 213.140
512740.834 1121822.251 211.220
512739.125 1121807.775 211.720
512736.772 1121787.713 212.510
512737.116 1121791.700 212.320
512734.996 1121773.737 213.130
512741.021 1121825.100 211.000
512738.923 1121807.516 211.880
512740.582 1121823.643 211.060
512737.547 1121798.346 211.930
512732.183 1121753.598 213.100
512741.594 1121832.125 210.880
512732.144 1121755.408 213.160
512737.562 1121800.786 211.710
512736.618 1121795.153 212.060
512739.277 1121817.812 211.250
512734.872 1121782.876 213.020
512736.535 1121797.903 212.040
512735.032 1121786.114 212.770
512731.627 1121759.150 213.880
512732.240 1121764.576 212.990
512735.942 1121794.247 212.330
512735.145 1121788.103 212.690
512734.084 1121779.921 213.090
512730.641 1121753.218 213.380
512730.578 1121752.698 213.300
512731.915 1121765.267 212.760
512730.436 1121754.009 213.580
512738.696 1121817.745 211.310
512738.287 1121814.659 211.340
512735.854 1121796.157 212.190
512730.180 1121753.110 213.450
512738.198 1121814.789 211.330
512737.716 1121811.173 211.560
512734.854 1121789.635 212.800
512733.910 1121782.472 212.900
512731.603 1121765.039 212.900
512737.448 1121811.474 211.500
512733.339 1121780.716 213.020
512731.222 1121764.822 213.020
512731.149 1121764.332 213.350
512730.814 1121761.805 213.790
512731.121 1121764.612 213.170
512740.555 1121835.421 210.890
512736.600 1121806.850 211.770
512736.390 1121805.312 211.820
512739.619 1121831.247 211.060
512739.054 1121827.111 211.040
512736.520 1121808.531 211.710
512732.950 1121782.418 212.940
512732.668 1121780.380 213.160
512739.537 1121830.958 211.110
512739.215 1121832.139 210.930
512733.745 1121793.041 212.380
512737.678 1121821.171 211.410
512729.793 1121766.490 213.230
512737.731 1121823.340 211.200
512734.659 1121801.753 211.890
512738.986 1121833.911 210.900
512738.683 1121831.823 211.040
512733.167 1121793.264 212.430
512737.666 1121824.241 211.140
512735.149 1121806.729 211.950
512734.125 1121799.567 211.760
512730.512 1121774.544 213.360
512733.546 1121796.391 212.160
512732.063 1121786.182 212.630
512727.553 1121755.056 214.050
512735.401 1121810.217 211.670
512730.694 1121778.042 213.410
512736.300 1121818.310 211.300
512738.042 1121830.097 211.350
512737.896 1121829.078 211.190
512731.287 1121785.157 212.530
512736.457 1121821.109 211.300
512736.609 1121824.567 211.200
512734.138 1121808.115 211.830
512737.641 1121831.509 211.130
512736.713 1121825.326 211.070
512734.618 1121811.432 211.600
512734.232 1121808.865 211.820
512733.534 1121804.260 212.030
512729.761 1121779.278 213.350
512736.323 1121823.669 211.270
512729.112 1121776.133 213.470
512736.422 1121825.128 211.110
512731.494 1121792.825 212.560
512727.921 1121769.401 213.490
512734.281 1121813.463 211.590
512729.886 1121784.866 213.090
512728.948 1121778.763 213.490
512735.036 1121820.857 211.250
512726.844 1121768.268 212.850
512730.483 1121794.201 212.500
512730.161 1121792.163 212.690
512726.717 1121770.318 213.790
512736.306 1121832.247 211.150
512735.734 1121828.642 211.060
512734.995 1121823.987 211.440
512734.277 1121819.382 211.300
512728.296 1121781.617 213.300
512736.998 1121837.502 210.930
512736.260 1121832.848 210.990
512731.371 1121802.054 212.090
512734.158 1121821.183 211.230
512732.599 1121811.434 211.780
512730.311 1121797.131 212.320
512726.734 1121774.767 213.680
512736.435 1121835.286 210.960
512726.579 1121773.969 213.740
512730.392 1121798.840 212.180
512730.308 1121798.331 212.260
512724.062 1121759.707 214.020
512729.973 1121797.403 212.290
512725.192 1121767.928 213.540
512734.195 1121825.452 211.390
512733.446 1121820.827 211.420
512730.028 1121799.872 211.810
512726.631 1121779.057 213.490
512726.547 1121778.538 213.530
512735.290 1121832.943 211.110
512728.024 1121792.606 212.830
512727.931 1121792.097 212.950
512725.999 1121780.431 213.550
512734.779 1121834.356 211.000
512733.482 1121826.626 211.170
512730.991 1121811.744 211.960
512730.898 1121811.245 211.940
512724.930 1121775.678 213.710
512722.626 1121761.975 214.110
512732.963 1121826.729 211.250
512725.514 1121782.903 213.310
512725.108 1121783.396 213.200
512732.232 1121826.663 211.290
512722.830 1121772.282 214.070
512725.103 1121785.935 213.290
512719.029 1121750.900 213.810
512726.677 1121796.274 212.530
512726.583 1121795.774 212.580
512719.070 1121752.629 213.480
512732.982 1121833.118 211.140
512730.288 1121817.727 211.580
512725.024 1121787.725 212.970
512732.857 1121833.868 211.080
512732.670 1121832.830 211.190
512723.885 1121782.903 213.380
512722.786 1121778.191 213.760
512719.461 1121759.415 213.650
512726.460 1121800.074 211.830
512718.311 1121754.463 213.650
512726.356 1121801.085 212.320
512718.819 1121759.039 213.470
512718.094 1121754.984 213.580
512728.859 1121816.206 211.660
512725.461 1121798.631 212.020
512730.824 1121830.151 211.160
512726.903 1121808.700 212.200
512730.783 1121829.962 211.150
512720.444 1121774.616 214.000
512719.690 1121770.552 213.810
512731.580 1121836.056 211.040
512729.771 1121826.289 211.380
512727.216 1121812.507 212.030
512727.190 1121814.737 211.910
512722.558 1121789.930 212.980
512716.903 1121759.611 213.650
512730.550 1121834.292 211.250
512727.087 1121815.897 211.730
512726.798 1121814.369 211.960
512720.038 1121778.488 213.890
512729.802 1121832.997 211.430
512720.813 1121785.812 213.630
512724.434 1121805.556 212.450
512722.502 1121795.459 212.690
512729.980 1121835.886 211.170
512724.887 1121809.352 212.300
512722.367 1121796.200 212.460
512722.264 1121795.691 212.640
512721.882 1121793.684 212.930
512719.765 1121782.869 213.660
512717.152 1121769.297 214.270
512728.488 1121829.086 211.330
512726.123 1121816.853 211.690
512721.405 1121792.557 213.110
512716.727 1121768.420 214.400
512715.251 1121760.831 214.240
512726.014 1121817.014 211.670
512721.604 1121795.725 212.170
512728.449 1121830.876 211.220
512728.341 1121831.167 211.280
512717.484 1121776.044 214.100
512725.561 1121818.146 211.790
512723.952 1121810.018 212.310
512721.661 1121798.404 212.630
512716.182 1121770.753 214.160
512728.583 1121834.844 211.240
512717.575 1121779.513 213.990
512715.756 1121771.446 214.060
512727.727 1121832.080 211.260
512712.101 1121754.251 213.780
512715.929 1121775.244 214.180
512719.359 1121793.149 213.100
512719.683 1121795.417 211.930
512717.528 1121784.872 213.620
512710.219 1121750.704 214.590
512720.338 1121801.112 212.660
512724.854 1121823.400 211.490
512726.375 1121831.759 211.370
512716.844 1121785.786 213.580
512714.247 1121773.255 214.250
512710.909 1121757.108 213.750
512721.255 1121807.305 212.590
512715.816 1121781.193 213.850
512716.295 1121784.330 213.730
512725.188 1121827.347 211.320
512718.204 1121794.006 212.630
512709.253 1121751.320 214.150
512713.752 1121774.027 214.340
512725.667 1121830.493 211.470
512716.502 1121787.118 213.670
512723.460 1121821.069 211.610
512714.718 1121779.840 214.130
512717.386 1121794.321 211.960
512708.296 1121751.655 214.090
512726.415 1121836.607 211.200
512720.876 1121810.706 212.490
512717.288 1121794.632 211.910
512724.282 1121827.932 211.360
512714.196 1121781.123 214.010
512709.338 1121758.528 213.860
512722.212 1121819.716 211.790
512716.758 1121794.575 212.040
512724.016 1121828.674 211.380
512714.499 1121784.901 213.780
512712.770 1121776.923 214.340
512709.292 1121760.887 214.240
512708.953 1121759.350 213.870
512715.747 1121791.132 213.220
512725.507 1121837.013 211.160
512721.845 1121820.239 211.740
512716.744 1121797.105 213.140
512716.424 1121795.617 212.890
512715.324 1121790.615 213.280
512715.657 1121792.752 212.150
512715.544 1121792.243 212.410
512724.793 1121834.598 211.250
512715.361 1121791.724 212.560
512714.805 1121789.228 213.580
512714.721 1121790.058 213.470
512719.235 1121810.497 212.410
512715.461 1121793.453 212.230
512716.669 1121799.665 212.900
512714.119 1121788.172 213.650
512712.454 1121780.704 214.290
512721.895 1121823.558 211.560
512714.862 1121791.897 212.350
512717.945 1121807.065 212.580
512712.362 1121782.094 213.970
512710.913 1121775.625 214.510
512718.711 1121811.320 212.300
512716.459 1121801.285 212.770
512711.987 1121781.317 214.190
512709.870 1121771.852 214.450
512722.137 1121827.056 211.500
512717.830 1121807.876 212.530
512714.016 1121790.873 213.400
512705.833 1121754.350 213.900
512705.720 1121753.861 214.010
512710.044 1121774.250 214.170
512711.812 1121782.088 214.030
512709.900 1121773.611 214.280
512705.275 1121753.054 214.100
512719.064 1121815.137 212.040
512714.542 1121795.078 213.020
512722.707 1121831.921 211.300
512710.795 1121779.255 214.410
512706.386 1121759.756 214.170
512718.974 1121816.707 211.950
512705.038 1121755.195 213.980
512713.106 1121790.848 213.360
512710.506 1121779.406 214.350
512706.436 1121761.445 214.390
512709.554 1121775.743 214.380
512719.071 1121817.926 211.800
512714.046 1121795.861 213.090
512713.029 1121791.379 213.210
512704.653 1121755.937 213.820
512713.388 1121794.406 213.220
512712.723 1121791.980 212.600
512703.012 1121750.868 214.390
512721.854 1121833.026 211.230
512706.876 1121767.961 214.370
512703.075 1121751.438 214.270
512717.378 1121814.087 212.200
512712.448 1121792.852 211.750
512704.385 1121757.958 213.940
512722.532 1121837.681 211.190
512707.711 1121773.575 214.340
512718.229 1121819.111 211.720
512705.513 1121764.220 214.420
512705.734 1121765.878 214.570
512721.233 1121832.960 211.260
512721.588 1121835.287 211.400
512719.133 1121824.694 211.410
512714.337 1121804.078 212.760
512712.355 1121795.602 213.370
512709.818 1121784.660 213.910
512702.630 1121753.740 214.140
512711.237 1121790.960 212.630
512702.595 1121754.670 214.090
512705.183 1121767.451 214.480
512720.338 1121832.046 211.310
512707.093 1121775.568 214.250
512715.833 1121813.227 212.260
512709.480 1121786.571 213.770
512701.007 1121751.720 214.250
512715.883 1121814.926 212.080
512713.050 1121802.916 212.810
512716.409 1121817.493 211.970
512714.455 1121810.296 212.510
512709.388 1121789.441 213.220
512701.361 1121755.637 214.010
512718.826 1121830.085 211.600
512702.081 1121760.492 214.090
512719.077 1121831.863 211.380
512714.028 1121810.749 212.430
512715.892 1121819.565 211.840
512708.370 1121788.138 213.400
512707.303 1121783.695 214.030
512699.935 1121752.867 214.480
512716.805 1121823.399 211.690
512708.196 1121787.469 213.530
512715.721 1121819.416 211.850
512712.715 1121806.897 212.660
512706.753 1121782.079 214.280
512708.705 1121790.645 213.260
512700.599 1121756.862 213.850
512708.456 1121790.697 213.310
512706.424 1121782.281 214.230
512716.787 1121825.259 211.590
512715.340 1121819.229 211.910
512706.219 1121781.432 214.330
512705.029 1121776.481 214.280
512700.125 1121756.095 214.260
512716.513 1121824.561 211.650
512707.248 1121786.165 213.610
512715.027 1121818.721 211.980
512715.608 1121822.207 211.820
512710.653 1121801.691 212.880
512719.107 1121836.732 211.230
512717.507 1121830.153 211.510
512714.952 1121819.591 211.970
512709.618 1121797.648 213.160
512704.501 1121776.864 214.310
512717.299 1121830.535 211.440
512714.602 1121819.463 212.040
512700.580 1121761.841 214.150
512699.256 1121756.360 214.130
512714.121 1121817.687 212.090
512701.301 1121765.356 214.550
512708.622 1121796.575 213.310
512701.956 1121769.391 214.570
512699.648 1121759.917 214.050
512715.998 1121827.123 211.660
512710.471 1121804.622 212.910
512713.118 1121815.613 212.140
512707.848 1121794.220 213.420
512698.588 1121756.544 214.030
512709.127 1121800.751 213.040
512698.484 1121757.635 213.950
512715.108 1121826.959 211.780
512715.651 1121829.085 211.860
512703.912 1121781.876 214.220
512708.498 1121800.845 213.160
512714.652 1121825.972 211.760
512696.107 1121751.560 214.430
512698.257 1121761.285 214.130
512716.689 1121835.297 211.310
512698.516 1121762.753 214.310
512713.954 1121824.716 211.820
512697.204 1121759.212 213.980
512713.275 1121823.311 211.950
512710.262 1121811.332 212.530
512715.276 1121831.577 211.490
512712.991 1121822.543 212.040
512714.158 1121828.574 212.020
512712.049 1121820.639 212.150
512699.438 1121771.186 214.810
512708.083 1121806.486 212.840
512703.421 1121788.198 213.600
512702.673 1121785.233 213.230
512714.781 1121834.019 211.380
512709.020 1121812.579 212.490
512698.132 1121770.174 214.730
512715.074 1121836.117 211.390
512702.291 1121786.436 213.350
512703.831 1121793.075 213.620
512693.020 1121751.859 214.600
512713.684 1121832.906 211.440
512713.285 1121831.379 211.700
512711.605 1121824.871 212.020
512711.216 1121823.373 212.050
512710.960 1121822.375 212.120
512710.837 1121821.886 212.090
512699.705 1121778.903 214.520
512702.849 1121791.031 213.640
512702.214 1121788.576 213.980
512707.234 1121808.241 212.650
512693.153 1121754.008 214.620
512713.020 1121832.201 211.540
512698.429 1121776.301 214.740
512693.934 1121759.002 214.100
512706.292 1121806.287 212.750
512705.086 1121802.045 213.160
512700.325 1121783.798 212.320
512704.895 1121801.837 213.200
512702.182 1121791.505 213.720
512695.486 1121765.951 214.520
512691.862 1121752.126 214.680
512709.889 1121822.152 212.230
512701.187 1121789.052 213.920
512693.058 1121758.048 214.350
512711.651 1121829.100 212.050
512700.329 1121786.078 214.150
512699.172 1121781.656 214.010
512710.804 1121826.175 211.910
512695.601 1121768.460 214.610
512712.024 1121831.177 211.900
512704.672 1121804.657 212.900
512691.908 1121756.455 214.560
512703.405 1121800.116 213.360
512703.016 1121798.639 213.540
512702.494 1121796.672 213.540
512701.972 1121794.706 213.630
512711.852 1121832.508 211.630
512712.486 1121836.343 211.430
512702.686 1121800.330 213.290
512699.135 1121787.075 214.210
512693.221 1121765.006 214.440
512711.111 1121832.212 211.820
512710.978 1121831.703 211.950
512708.839 1121823.738 212.100
512708.041 1121820.763 212.190
512710.944 1121832.683 211.770
512710.667 1121831.665 212.060
512698.716 1121787.247 214.250
512698.052 1121784.802 214.430
512710.976 1121833.053 211.710
512697.216 1121783.937 214.630
512690.444 1121758.984 214.320
512704.104 1121809.820 212.840
512701.168 1121799.000 213.520
512709.806 1121831.381 212.360
512702.809 1121805.679 212.990
512708.485 1121828.009 211.950
512706.593 1121821.062 212.180
512704.159 1121812.159 212.690
512708.485 1121827.909 211.960
512691.025 1121763.989 214.310
512689.409 1121758.120 214.680
512700.561 1121799.344 213.450
512697.605 1121788.584 214.430
512704.737 1121815.215 212.540
512699.898 1121798.898 213.600
512690.745 1121765.631 214.570
512700.054 1121799.837 213.450
512705.978 1121821.856 212.150
512696.621 1121787.950 214.550
512708.537 1121831.568 212.300
512704.989 1121818.723 212.310
512690.077 1121765.985 214.660
512707.461 1121828.875 212.030
512704.168 1121816.988 212.480
512696.817 1121790.488 214.080
512699.162 1121799.562 213.540
512706.609 1121826.911 212.080
512702.464 1121813.009 212.680
512702.045 1121811.522 212.840
512700.133 1121804.655 213.210
512707.614 1121832.654 212.190
512686.913 1121758.646 214.800
512703.062 1121817.505 212.380
512700.026 1121806.676 213.090
512706.967 1121831.498 212.130
512686.768 1121759.466 214.610
512687.089 1121761.304 214.270
512685.311 1121754.976 214.850
512700.281 1121809.143 213.060
512691.899 1121779.371 214.710
512698.591 1121804.315 213.280
512689.249 1121771.169 215.110
512685.948 1121759.401 214.710
512685.539 1121757.964 215.120
512688.943 1121770.191 214.830
512701.785 1121816.313 212.560
512706.837 1121834.808 211.880
512706.265 1121832.802 212.100
512688.533 1121770.103 214.910
512704.476 1121827.954 212.120
512702.609 1121821.907 212.310
512682.487 1121751.054 214.950
512682.856 1121754.191 215.170
512705.839 1121835.104 211.750
512705.037 1121832.990 211.870
512682.996 1121755.720 215.030
512702.710 1121825.375 212.230
512683.755 1121758.935 214.890
512703.698 1121829.858 212.060
512693.183 1121793.070 214.190
512700.685 1121819.559 212.450
512700.123 1121817.583 212.610
512686.389 1121771.086 215.410
512701.222 1121823.995 212.380
512690.443 1121786.368 214.770
512684.312 1121764.940 214.360
512683.893 1121763.473 214.450
512694.939 1121802.208 213.620
512693.406 1121796.838 214.100
512703.425 1121832.730 211.910
512687.283 1121776.500 214.900
512682.807 1121760.890 214.640
512699.640 1121820.315 212.580
512694.858 1121803.658 213.690
512686.713 1121776.543 214.870
512688.670 1121784.200 214.730
512684.535 1121771.988 215.160
512682.574 1121765.141 214.570
512678.497 1121750.999 215.110
512701.670 1121831.731 212.060
512701.097 1121829.744 212.180
512695.152 1121809.115 213.180
512686.887 1121780.431 214.740
512693.868 1121805.274 213.510
512690.633 1121794.596 214.330
512682.226 1121765.453 214.660
512690.518 1121795.366 214.200
512688.843 1121789.548 214.550
512679.730 1121757.950 214.980
512700.521 1121830.378 212.180
512693.763 1121807.714 213.310
512678.174 1121753.740 215.080
512698.108 1121823.244 212.460
512696.392 1121817.336 212.900
512692.725 1121804.631 213.630
512696.817 1121819.863 212.720
512692.548 1121805.242 213.570
512690.158 1121796.968 214.290
512686.654 1121784.852 214.980
512692.906 1121808.089 213.420
512677.593 1121755.134 215.150
512700.349 1121834.888 212.090
512698.776 1121829.459 212.310
512700.791 1121836.765 211.890
512684.671 1121781.065 214.900
512683.880 1121779.160 214.660
512697.756 1121827.815 212.380
512689.806 1121801.519 213.980
512686.435 1121789.872 214.800
512682.379 1121775.820 214.950
512690.634 1121804.534 213.750
512698.281 1121831.781 212.210
512697.136 1121827.829 212.420
512675.562 1121753.326 215.090
512699.306 1121835.994 212.130
512688.662 1121799.237 214.300
512699.263 1121837.054 212.000
512695.268 1121823.232 212.670
512693.563 1121817.333 213.090
512689.037 1121801.724 213.960
512688.619 1121800.267 214.130
512682.152 1121777.951 214.290
512694.861 1121822.034 212.790
512696.969 1121829.930 212.360
512688.470 1121800.578 214.070
512682.301 1121779.260 214.890
512682.014 1121778.272 214.370
512697.800 1121833.354 212.200
512683.806 1121785.040 214.840
512679.462 1121771.259 215.290
512675.100 1121756.179 215.290
512698.351 1121836.790 212.230
512695.280 1121826.791 212.550
512690.326 1121809.655 213.410
512688.344 1121802.838 214.110
512695.085 1121827.552 212.530
512679.081 1121772.721 215.170
512696.727 1121834.450 212.280
512692.590 1121820.169 213.090
512692.715 1121821.028 212.970
512685.987 1121799.973 214.330
512679.541 1121777.697 214.720
512696.084 1121835.484 212.290
512693.806 1121827.600 212.620
512688.970 1121811.893 213.470
512686.865 1121804.587 214.120
512689.738 1121814.847 213.380
512681.993 1121789.430 214.820
512678.203 1121776.336 214.340
512694.371 1121833.405 212.400
512692.084 1121825.691 212.770
512686.864 1121807.616 213.740
512693.856 1121832.458 212.470
512692.569 1121828.027 212.690
512687.757 1121811.390 213.620
512686.490 1121807.009 213.830
512673.609 1121762.427 215.050
512672.485 1121758.564 215.350
512693.459 1121832.931 212.490
512671.487 1121757.191 215.680
512691.012 1121825.367 212.880
512686.068 1121808.261 213.810
512693.783 1121835.308 212.380
512690.371 1121823.482 213.010
512690.228 1121822.993 213.040
512688.951 1121818.591 213.300
512680.258 1121788.481 215.020
512693.270 1121834.762 212.440
512680.030 1121788.922 214.960
512678.774 1121784.571 215.100
512691.755 1121830.602 212.590
512680.153 1121790.921 214.870
512686.235 1121814.279 213.650
512684.573 1121809.040 214.010
512685.369 1121813.274 213.730
512690.513 1121831.939 212.690
512683.883 1121808.944 214.140
512682.447 1121804.704 214.430
512681.885 1121802.758 214.570
512684.138 1121812.972 213.840
512683.995 1121812.473 213.910
512672.863 1121774.519 214.770
512682.832 1121810.431 214.290
512671.390 1121770.769 214.970
512690.358 1121837.629 212.630
512689.081 1121833.188 212.880
512683.578 1121814.705 213.840
512682.616 1121812.671 214.010
512680.797 1121806.354 214.460
512681.669 1121809.798 214.360
512680.412 1121805.436 214.600
512680.407 1121806.196 214.520
512688.594 1121835.280 212.790
512682.403 1121813.733 213.940
512664.625 1121753.354 215.370
512679.125 1121804.345 214.770
512672.873 1121782.617 215.230
512669.802 1121772.648 214.830
512669.251 1121770.722 215.090
512684.407 1121824.208 213.410
512685.969 1121831.077 212.990
512682.597 1121819.320 213.670
512675.496 1121794.599 214.960
512676.696 1121799.400 214.700
512683.139 1121822.886 213.550
512682.970 1121823.087 213.650
512680.028 1121812.857 214.290
512677.639 1121806.473 214.550
512673.756 1121792.940 214.850
512682.192 1121823.342 213.470
512682.719 1121826.108 213.570
512670.489 1121783.482 215.150
512682.230 1121826.341 213.440
512663.074 1121761.342 215.430
512679.870 1121821.427 213.760
512664.330 1121767.263 215.200
512660.570 1121754.178 215.630
512682.137 1121830.721 213.340
512678.776 1121818.994 213.900
512676.548 1121811.219 214.600
512677.481 1121819.842 213.940
512673.823 1121808.716 214.530
512681.696 1121837.032 213.340
512680.141 1121836.192 213.430
512667.369 1121791.569 215.210
512662.309 1121775.084 214.660
512671.348 1121807.842 214.800
512663.338 1121781.506 215.250
512672.466 1121813.944 214.880
512675.332 1121824.874 213.990
512668.538 1121801.140 214.960
512659.281 1121768.824 215.250
512671.713 1121815.088 215.040
512659.953 1121774.108 215.000
512659.820 1121773.629 215.120
512670.368 1121810.967 214.920
512659.564 1121774.281 214.900
512669.871 1121813.060 215.160
512655.505 1121762.948 215.770
512675.803 1121834.719 213.860
512671.910 1121821.056 214.770
512670.939 1121817.652 215.080
512668.170 1121808.001 215.120
512654.642 1121760.764 215.920
512674.052 1121829.631 214.110
512665.193 1121798.661 215.070
512670.227 1121817.277 215.220
512664.699 1121798.005 215.120
512667.541 1121809.705 215.340
512661.462 1121788.526 215.400
512674.004 1121833.130 213.970
512673.442 1121831.164 214.210
512671.214 1121823.350 214.920
512657.636 1121776.072 214.530
512673.480 1121832.494 214.090
512662.956 1121795.736 215.190
512657.265 1121775.955 214.600
512670.421 1121824.494 215.090
512666.007 1121809.044 215.550
512658.814 1121784.033 215.450
512669.475 1121821.871 215.420
512670.821 1121827.701 214.900
512672.319 1121834.011 214.260
512670.225 1121826.665 215.130
512668.569 1121820.826 215.680
512664.973 1121808.311 215.670
512657.504 1121782.352 215.540
512672.186 1121835.171 214.200
512670.653 1121829.752 214.940
512668.569 1121822.446 215.740
512667.465 1121818.574 215.950
512666.262 1121814.822 216.070
512661.936 1121800.701 215.780
512669.187 1121827.071 215.590
512665.172 1121813.059 216.330
512663.926 1121808.757 215.890
512655.038 1121777.958 214.770
512667.848 1121823.890 216.070
512654.335 1121777.512 214.590
512666.106 1121820.332 216.500
512662.929 1121809.313 216.090
512669.848 1121835.296 214.810
512667.906 1121828.419 215.940
512661.674 1121806.771 216.000
512669.626 1121834.937 215.050
512666.846 1121825.146 216.460
512669.324 1121834.749 215.110
512662.540 1121811.045 216.410
512657.831 1121794.747 215.650
512669.116 1121835.080 215.170
512668.697 1121833.603 215.400
512668.565 1121833.114 215.500
512665.376 1121821.906 216.930
512664.682 1121819.510 216.820
512663.302 1121814.720 216.730
512665.871 1121825.942 216.830
512661.304 1121810.123 216.540
512654.245 1121785.671 215.780
512662.158 1121813.917 216.880
512667.721 1121834.189 215.830
512665.504 1121826.384 216.900
512661.213 1121811.523 216.670
512656.208 1121794.288 215.740
512662.826 1121818.542 217.250
512659.220 1121806.127 216.460
512661.787 1121815.459 217.130
512658.866 1121805.429 216.390
512662.059 1121817.317 217.340
512660.955 1121813.505 217.020
512657.891 1121802.995 216.300
512662.340 1121819.175 217.500
512657.302 1121803.039 216.370
512656.607 1121800.644 216.330
512664.770 1121828.958 217.080
512655.740 1121797.830 216.020
512664.429 1121828.790 217.150
512664.020 1121827.323 217.420
512659.995 1121813.430 217.260
512656.655 1121801.973 216.480
512663.453 1121826.217 217.650
512650.379 1121781.226 215.560
512647.038 1121769.669 215.650
512662.440 1121824.023 218.070
512661.194 1121819.722 217.910
512648.917 1121777.606 215.320
512663.974 1121829.593 217.420
512662.860 1121825.710 217.950
512658.493 1121811.370 217.200
512655.980 1121802.777 216.640
512650.128 1121782.647 215.620
512645.531 1121766.759 215.710
512665.282 1121835.874 216.790
512655.700 1121802.789 216.710
512646.355 1121770.643 215.790
512642.094 1121755.762 216.980
512662.307 1121826.794 218.240
512658.701 1121814.378 217.740
512664.588 1121835.158 216.980
512660.991 1121822.573 218.330
512660.307 1121820.187 218.350
512657.927 1121812.103 217.410
512648.991 1121781.464 215.420
512648.256 1121779.029 214.690
512663.489 1121831.995 217.490
512660.587 1121821.855 218.460
512658.075 1121813.302 217.640
512657.094 1121809.989 217.070
512661.419 1121825.429 218.650
512660.867 1121823.523 218.590
512658.089 1121814.022 217.810
512661.950 1121828.975 218.420
512659.039 1121818.935 218.530
512657.926 1121815.133 218.070
512658.370 1121817.400 218.350
512659.017 1121820.265 218.820
512655.934 1121809.836 217.310
512655.648 1121808.888 217.110
512652.421 1121797.920 216.190
512644.189 1121769.606 215.890
512661.251 1121829.080 218.830
512649.916 1121790.477 215.850
512662.785 1121834.649 217.650
512660.986 1121828.291 219.090
512639.916 1121756.115 216.870
512661.983 1121832.585 218.220
512661.012 1121829.161 219.010
512660.239 1121827.046 219.450
512660.106 1121826.577 219.370
512657.032 1121816.148 218.470
512644.410 1121773.124 215.800
512657.161 1121817.577 218.800
512661.023 1121830.961 218.890
512657.969 1121820.442 219.290
512652.629 1121802.428 217.050
512658.146 1121821.640 219.500
512657.442 1121819.275 219.110
512654.910 1121810.772 217.750
512655.383 1121813.019 218.180
512640.524 1121762.320 216.510
512654.297 1121810.376 217.690
512649.784 1121795.127 216.070
512659.270 1121827.132 219.920
512653.644 1121808.231 217.310
512651.255 1121800.137 216.600
512645.465 1121780.486 215.190
512661.523 1121835.897 218.200
512661.114 1121834.419 218.580
512660.000 1121830.497 219.680
512655.252 1121814.389 218.520
512661.180 1121835.329 218.440
512659.800 1121830.418 219.860
512656.038 1121818.704 219.360
512660.615 1121834.533 219.000
512657.285 1121823.005 220.130
512655.039 1121815.471 218.850
512654.896 1121815.012 218.720
512657.472 1121824.194 220.280
512659.028 1121830.113 220.450
512658.333 1121827.728 220.450
512643.958 1121779.226 215.500
512640.322 1121766.731 215.810
512659.955 1121834.557 219.420
512659.403 1121832.580 220.060
512655.512 1121819.297 219.680
512654.379 1121815.535 218.970
512646.610 1121789.368 215.880
512657.994 1121827.860 220.580
512657.576 1121826.443 220.540
512656.748 1121823.598 220.450
512655.901 1121820.784 220.020
512658.406 1121829.787 220.780
512652.505 1121809.997 217.860
512639.292 1121765.057 216.180
512657.714 1121827.872 220.770
512656.458 1121823.620 220.500
512659.856 1121836.307 219.270
512657.230 1121827.115 220.860
512655.413 1121820.997 220.210
512659.315 1121834.581 219.950
512657.793 1121829.251 220.990
512653.454 1121814.670 219.040
512659.258 1121835.001 219.880
512658.972 1121834.013 220.170
512655.224 1121821.178 220.300
512651.968 1121810.370 217.990
512656.727 1121826.628 220.970
512651.654 1121809.713 217.810
512639.829 1121769.543 215.850
512637.945 1121763.946 216.350
512655.031 1121822.409 220.600
512656.954 1121829.366 221.340
512655.708 1121825.125 221.080
512653.034 1121816.223 219.490
512658.992 1121837.352 219.740
512658.849 1121836.843 219.960
512657.061 1121830.525 221.510
512654.835 1121823.000 220.830
512651.304 1121811.284 218.290
512652.478 1121815.336 219.350
512640.083 1121773.421 216.040
512658.578 1121836.665 220.130
512657.484 1121832.752 221.320
512655.401 1121825.636 221.310
512654.983 1121824.229 221.130
512643.692 1121786.356 215.890
512656.078 1121828.392 221.560
512653.148 1121818.542 220.140
512650.739 1121810.568 218.100
512642.398 1121782.435 215.470
512657.361 1121833.763 221.310
512651.776 1121814.931 219.320
512655.859 1121828.613 221.680
512652.082 1121815.959 219.650
512641.873 1121781.688 214.870
512657.426 1121834.632 221.180
512656.466 1121831.269 221.790
512647.462 1121801.140 216.990
512656.826 1121832.976 221.630
512646.128 1121797.129 216.250
512656.158 1121831.591 221.960
512654.207 1121825.014 221.520
512652.809 1121820.333 220.710
512650.901 1121814.046 219.260
512651.761 1121817.330 220.110
512654.182 1121825.724 221.700
512650.099 1121812.172 218.680
512654.658 1121828.310 222.060
512650.034 1121812.872 218.980
512655.945 1121832.802 222.090
512652.474 1121821.065 221.020
512649.647 1121811.724 218.440
512649.504 1121811.255 218.290
512644.695 1121795.108 216.120
512654.273 1121827.493 222.050
512655.939 1121833.472 222.030
512648.222 1121807.664 217.670
512646.833 1121802.904 217.440
512640.738 1121782.355 215.100
512634.221 1121759.869 216.720
512651.696 1121819.890 220.850
512655.312 1121832.236 222.400
512655.540 1121833.594 222.290
512654.713 1121830.740 222.470
512648.547 1121810.182 218.170
512653.540 1121826.958 222.150
512647.068 1121805.412 217.630
512652.249 1121823.506 221.670
512646.747 1121805.224 217.640
512645.052 1121799.525 216.660
512651.892 1121822.419 221.470
512638.129 1121775.962 216.130
512650.466 1121818.188 220.640
512651.295 1121821.342 221.300
512646.993 1121807.842 217.760
512637.608 1121775.866 215.940
512653.775 1121831.135 222.860
512630.462 1121751.854 217.190
512654.687 1121834.719 222.710
512649.419 1121816.935 220.370
512647.572 1121810.857 218.510
512639.566 1121783.722 215.660
512652.252 1121827.365 222.690
512648.343 1121814.342 219.470
512647.914 1121812.935 218.970
512647.353 1121811.059 218.630
512643.831 1121799.213 216.560
512651.068 1121823.453 221.980
512649.109 1121816.937 220.390
512644.178 1121800.450 216.890
512635.804 1121771.777 215.910
512649.703 1121819.343 221.120
512646.614 1121809.554 218.220
512651.693 1121827.489 222.910
512651.980 1121828.627 223.090
512651.010 1121825.373 222.560
512646.529 1121810.464 218.540
512646.244 1121809.536 218.240
512653.853 1121835.584 223.100
512653.587 1121834.626 223.270
512648.890 1121818.758 221.030
512640.784 1121791.543 215.970
512638.395 1121783.389 215.310
512649.346 1121821.384 221.760
512648.376 1121818.131 220.880
512646.682 1121812.533 219.200
512644.160 1121804.040 217.610
512649.858 1121823.411 222.280
512647.338 1121815.058 219.790
512646.919 1121813.661 219.390
512651.495 1121829.400 223.420
512651.352 1121828.931 223.370
512648.034 1121817.793 220.770
512646.493 1121812.664 219.280
512653.428 1121836.426 223.360
512653.295 1121835.957 223.380
512648.051 1121818.953 221.220
512634.970 1121774.372 216.250
512634.142 1121771.498 216.210
512637.424 1121783.235 215.240
512635.523 1121776.568 215.970
512653.081 1121836.928 223.540
512652.131 1121833.625 223.680
512651.579 1121831.729 223.740
512645.056 1121809.863 218.360
512640.451 1121794.194 216.160
512645.875 1121812.937 219.550
512645.456 1121811.530 219.080
512642.659 1121802.089 217.290
512641.393 1121797.808 216.370
512651.946 1121834.426 223.810
512650.996 1121831.132 223.820
512648.116 1121821.382 222.040
512646.004 1121814.496 219.880
512644.596 1121809.816 218.450
512636.538 1121782.201 215.860
512628.844 1121755.383 216.910
512651.296 1121832.870 224.030
512651.021 1121831.932 223.920
512649.244 1121825.874 223.190
512643.680 1121807.242 217.920
512630.002 1121759.975 216.740
512628.224 1121753.738 217.100
512651.228 1121833.171 224.100
512647.113 1121819.239 221.470
512646.134 1121816.005 220.220
512646.001 1121815.536 220.100
512641.958 1121801.874 217.280
512639.027 1121791.874 216.030
512647.814 1121822.684 222.480
512647.539 1121821.765 222.170
512646.151 1121817.135 220.640
512640.841 1121799.231 216.610
512632.720 1121771.067 216.420
512647.571 1121822.085 222.320
512651.752 1121837.027 224.180
512650.812 1121833.723 224.250
512649.995 1121830.909 224.170
512649.862 1121830.449 224.050
512649.178 1121828.124 223.750
512647.942 1121823.973 222.800
512636.424 1121784.801 215.750
512629.979 1121762.705 216.520
512648.871 1121828.696 223.990
512647.922 1121825.472 223.240
512646.268 1121819.924 221.730
512645.298 1121816.670 220.720
512643.624 1121811.072 218.940
512638.058 1121792.090 216.040
512650.865 1121835.932 224.360
512638.448 1121793.737 216.160
512650.122 1121833.787 224.570
512647.130 1121823.588 222.790
512643.955 1121812.889 219.890
512636.050 1121785.843 215.850
512649.911 1121833.559 224.630
512646.786 1121822.900 222.620
512643.886 1121813.140 220.040
512644.813 1121817.433 221.070
512640.228 1121801.934 217.200
512648.490 1121830.108 224.460
512643.834 1121814.360 220.640
512645.421 1121820.379 221.800
512642.797 1121811.527 219.230
512630.588 1121769.140 216.440
512648.575 1121832.577 224.950
512647.360 1121828.415 224.190
512629.106 1121765.500 216.200
512627.093 1121758.334 216.820
512649.855 1121837.538 224.910
512646.627 1121826.370 223.720
512645.678 1121823.147 222.830
512642.798 1121813.376 220.320
512635.884 1121789.693 215.900
512633.043 1121779.673 216.290
512625.163 1121751.877 217.290
512645.599 1121823.437 222.910
512634.161 1121784.245 215.340
512644.970 1121821.861 222.360
512641.332 1121810.746 218.770
512633.773 1121784.567 215.490
512630.686 1121773.599 216.430
512641.100 1121810.337 218.650
512647.782 1121833.742 225.450
512646.302 1121828.672 224.430
512644.713 1121823.912 223.110
512647.509 1121834.763 225.630
512645.629 1121828.316 224.320
512642.249 1121816.719 221.920
512637.950 1121802.198 217.220
512647.614 1121835.572 225.680
512632.875 1121784.873 215.410
512627.641 1121766.239 216.350
512646.055 1121830.873 225.150
512645.922 1121830.414 225.030
512645.151 1121828.519 224.520
512643.252 1121822.082 222.460
512647.326 1121837.534 225.750
512644.527 1121827.813 224.300
512644.261 1121826.895 223.980
512642.903 1121822.294 222.570
512640.309 1121813.452 220.160
512645.018 1121829.739 224.920
512644.226 1121827.705 224.330
512631.938 1121785.329 215.420
512644.904 1121830.690 225.200
512643.291 1121825.181 223.550
512640.318 1121814.971 221.120
512628.639 1121774.111 216.220
512627.177 1121768.851 216.640
512643.054 1121825.792 223.670
512642.922 1121825.333 223.590
512631.327 1121785.252 215.340
512645.887 1121836.123 226.050
512641.219 1121819.975 222.610
512635.326 1121799.805 216.820
512627.005 1121770.182 216.390
512636.239 1121803.539 217.510
512629.115 1121778.257 216.200
512628.440 1121775.862 216.230
512642.024 1121824.059 223.230
512638.714 1121814.141 220.380
512642.536 1121827.725 224.480
512639.461 1121817.066 222.110
512638.900 1121815.240 221.050
512631.023 1121787.764 216.050
512643.288 1121831.250 225.410
512631.652 1121790.939 215.910
512644.826 1121837.469 226.650
512643.375 1121832.409 225.650
512643.109 1121831.491 225.490
512638.554 1121815.782 221.300
512627.662 1121779.406 216.160
512642.107 1121831.017 225.330
512624.703 1121769.636 216.350
512643.155 1121837.199 227.160
512640.234 1121827.179 223.880
512639.968 1121826.261 223.580
512639.835 1121825.802 223.460
512637.720 1121818.347 222.330
512632.009 1121798.616 216.620
512626.580 1121779.033 216.210
512624.065 1121769.930 216.370
512640.431 1121828.378 224.310
512639.767 1121826.092 223.500
512639.368 1121824.695 223.280
512636.141 1121813.557 219.800
512630.080 1121792.219 215.980
512629.682 1121790.791 215.920
512624.169 1121770.709 216.500
512640.304 1121828.809 224.460
512638.808 1121824.589 223.210
512632.883 1121804.029 217.410
512627.423 1121786.026 215.420
512636.327 1121817.915 221.960
512630.657 1121798.144 216.570
512627.600 1121787.145 215.890
512639.582 1121830.153 224.960
512630.212 1121797.397 216.460
512641.385 1121837.200 227.660
512638.873 1121828.607 224.130
512637.156 1121822.599 222.790
512635.838 1121817.938 221.820
512633.775 1121810.982 218.420
512629.645 1121796.251 216.290
512640.976 1121837.363 227.750
512639.128 1121831.045 225.250
512633.898 1121813.041 218.780
512628.848 1121794.996 216.180
512625.974 1121784.485 216.220
512640.519 1121836.196 227.580
512636.300 1121821.585 222.670
512634.553 1121815.567 220.410
512630.261 1121800.456 216.950
512638.931 1121831.677 225.500
512623.997 1121778.449 216.340
512637.038 1121826.259 222.930
512629.598 1121799.970 216.880
512626.040 1121787.065 215.770
512625.897 1121786.585 215.700
512633.748 1121816.251 220.520
512637.288 1121829.457 223.750
512633.884 1121817.370 221.050
512638.039 1121832.832 225.940
512636.569 1121827.892 223.270
512639.138 1121837.584 228.100
512639.005 1121837.125 228.010
512633.345 1121817.454 220.900
512628.694 1121800.955 217.030
512634.460 1121823.106 222.820
512632.590 1121816.628 220.320
512637.304 1121833.736 226.230
512636.223 1121830.183 223.800
512628.853 1121803.994 217.400
512637.475 1121835.385 227.050
512636.546 1121832.261 225.300
512635.872 1121830.046 223.620
512637.686 1121837.183 227.730
512637.563 1121836.734 227.560
512637.430 1121836.285 227.390
512629.378 1121808.110 217.720
512623.906 1121788.067 215.840
512637.052 1121836.587 227.410
512636.664 1121835.240 226.790
512635.184 1121830.360 223.560
512628.291 1121808.576 217.850
512636.037 1121837.353 227.670
512635.649 1121836.006 227.180
512633.984 1121831.857 223.920
512624.893 1121799.019 216.770
512633.613 1121831.789 223.710
512633.348 1121830.881 223.230
512634.714 1121836.811 227.560
512629.064 1121817.150 219.300
512628.287 1121814.325 218.760
512634.758 1121837.501 227.810
512630.619 1121822.919 222.400
512628.996 1121817.400 219.410
512633.978 1121835.756 226.880
512633.692 1121834.908 225.920
512630.738 1121824.348 222.730
512634.076 1121837.105 227.660
512633.678 1121835.798 226.740
512633.403 1121834.940 225.820
512629.937 1121822.514 222.190
512632.699 1121834.344 225.100
512632.291 1121833.027 223.990
512628.559 1121819.583 220.380
512625.819 1121809.711 217.680
512625.454 1121808.894 217.570
512632.372 1121834.746 225.280
512631.964 1121833.439 224.130
512631.310 1121831.183 223.000
512627.710 1121818.148 219.490
512632.939 1121837.622 227.450
512631.735 1121833.690 224.240
512627.267 1121820.900 220.500
512628.224 1121826.893 222.780
512630.957 1121837.264 226.310
512624.675 1121815.567 218.890
512629.847 1121835.492 224.580
512629.326 1121833.705 223.470
512626.308 1121822.536 220.880
512629.079 1121834.257 223.650
512625.938 1121822.638 220.780
512623.903 1121815.142 218.820
512629.918 1121837.401 225.890
512628.904 1121835.078 223.930
512629.002 1121836.327 224.780
512626.260 1121826.156 222.210
512625.483 1121823.391 220.930
512627.765 1121833.455 223.060
512625.147 1121824.023 221.030
512624.892 1121823.115 220.560
512628.569 1121837.499 225.270
512628.447 1121837.060 224.960
512625.057 1121825.643 221.640
512624.404 1121825.207 221.300
512627.204 1121836.638 224.260
512624.937 1121830.523 222.620
512624.018 1121827.449 222.080
512625.020 1121835.931 223.140
512624.919 1121837.392 223.650
512851.589 1121831.518 210.370
512847.955 1121832.410 210.370
512848.253 1121832.019 210.310
512849.618 1121828.141 210.470
512850.599 1121824.946 210.450
512848.692 1121826.987 210.340
512848.568 1121826.438 210.420
512842.451 1121833.144 210.350
512847.290 1121823.376 210.330
512840.603 1121831.896 210.490
512839.135 1121832.125 210.500
512839.777 1121830.921 210.370
512840.451 1121826.638 210.340
512843.088 1121823.042 210.350
512842.164 1121823.898 210.330
512841.277 1121822.723 210.460
512833.226 1121832.171 210.450
512836.811 1121824.930 210.370
512841.976 1121817.670 210.440
512843.413 1121815.642 210.420
512843.700 1121815.230 210.340
512830.247 1121833.719 210.350
512842.219 1121813.429 210.490
512848.410 1121803.953 210.420
512825.225 1121836.559 210.450
512837.352 1121818.558 211.160
512848.679 1121800.532 210.250
512833.466 1121820.772 210.370
512841.240 1121805.307 210.480
512849.848 1121792.347 210.110
512838.270 1121808.555 211.050
512836.912 1121810.393 210.510
512845.890 1121794.131 211.410
512845.795 1121793.381 211.570
512847.450 1121790.962 212.150
512831.522 1121815.215 210.850
512846.499 1121792.387 211.660
512847.766 1121790.240 212.030
512833.558 1121811.233 210.690
512844.746 1121793.448 211.760
512837.940 1121803.618 210.460
512828.579 1121817.823 210.590
512843.433 1121794.566 211.920
512818.421 1121832.432 210.570